using System;
using System.Collections.Generic;
using System.Linq;
using System.Text;
using System.Threading.Tasks;

namespace RoutingApi.Model
{
    public class ConvertDataModelToJson
    {
        long[,] costMatrix = {
            { 0, 15, 22, 22, 33, 56, 63, 68, 18, 18, 22, 36, 19 },
            {15,  0, 12, 12, 37, 57, 65, 70, 19, 19, 24, 37, 21 },
            {22, 12,  0, 12, 32, 56, 60, 65, 24, 24, 27, 39, 33 },
            {22, 12, 12,  0, 27, 49, 54, 59, 25, 29, 32, 45, 31 },
            {33, 37, 32, 27,  0, 23, 30, 35, 38, 36, 41, 52, 31 },
            {56, 57, 56, 49, 23,  0, 11, 16, 58, 58, 62, 64, 52 },
            {63, 65, 60, 54, 30, 11,  0,  5, 66, 65, 69, 70, 59 },
            {68, 70, 65, 59, 35, 16,  5,  0, 68, 66, 70, 69, 61 },
            {18, 19, 24, 25, 38, 58, 66, 68,  0,  7, 12, 25, 15 },
            {18, 19, 24, 29, 36, 58, 65, 66,  7,  0,  7, 21, 15 },
            {22, 24, 27, 32, 41, 62, 69, 70, 12,  7,  0, 13, 23 },
            {36, 37, 39, 45, 52, 64, 70, 69, 25, 21, 13,  0, 24 },
            {19, 21, 33, 31, 31, 52, 59, 61, 15, 15, 23, 24,  0 },
        };
        public static void ConvertToJson()
        {

        }
    }
}
